Código do aminoácido	 Nome do aminoácido	 Frequência	 Posições	 
A	 Alanina	 37	 [5, 7, 13, 15, 20, 45, 53, 58, 72, 98, 128, 132, 136, 150, 203, 209, 210, 214, 215, 238, 264, 277, 283, 302, 330, 332, 336, 349, 361, 375, 391, 398, 426, 444, 459, 487, 492]	 
B	 Asparagina ou ácido aspártico	 0	 []	 
C	 Citosina	 11	 [11, 48, 104, 157, 171, 376, 382, 418, 441, 448, 460]	 
D	 Ácido aspártico	 32	 [43, 99, 106, 114, 123, 125, 152, 161, 178, 184, 195, 208, 217, 248, 307, 310, 314, 351, 352, 354, 360, 371, 373, 401, 409, 412, 433, 449, 457, 480, 481, 483]	 
E	 Ácido Glutâmico	 35	 [38, 46, 47, 49, 67, 78, 94, 95, 96, 135, 137, 158, 170, 172, 192, 199, 216, 219, 231, 245, 252, 257, 258, 267, 272, 273, 300, 363, 369, 372, 383, 403, 437, 446, 469]	 
F	 Fenilalanina	 28	 [4, 37, 51, 57, 97, 124, 143, 153, 166, 193, 205, 234, 241, 243, 268, 270, 278, 296, 303, 305, 333, 348, 350, 370, 395, 417, 424, 482]	 
G	 Glicina	 41	 [14, 28, 56, 59, 73, 92, 108, 122, 126, 130, 133, 145, 175, 201, 204, 223, 233, 250, 263, 275, 280, 291, 293, 295, 316, 340, 374, 379, 394, 406, 411, 420, 423, 445, 453, 458, 462, 471, 473, 478, 484]	 
H	 Histidina	 17	 [22, 35, 119, 154, 182, 196, 212, 232, 236, 249, 251, 309, 334, 384, 470, 476, 489]	 
I	 Isoleucina	 27	 [2, 33, 44, 69, 70, 83, 109, 111, 159, 191, 198, 221, 230, 242, 247, 274, 341, 342, 365, 366, 381, 389, 415, 451, 456, 475, 477]	 
K	 Lisina	 15	 [3, 40, 86, 140, 141, 177, 189, 211, 285, 322, 328, 396, 422, 463, 493]	 
L	 Leucina	 35	 [6, 8, 10, 12, 17, 19, 36, 52, 87, 116, 117, 173, 176, 179, 190, 194, 197, 200, 218, 225, 228, 262, 284, 287, 297, 319, 335, 404, 425, 434, 438, 442, 455, 486, 488]	 
M	 Metionina	 7	 [1, 100, 120, 213, 329, 345, 392]	 
N	 Asparagina	 34	 [23, 29, 31, 66, 68, 93, 105, 118, 163, 164, 180, 227, 229, 237, 260, 276, 281, 282, 308, 311, 320, 337, 364, 378, 397, 410, 413, 421, 428, 429, 430, 439, 468, 491]	 
P	 Prolina	 18	 [24, 54, 64, 75, 82, 138, 144, 147, 155, 235, 240, 324, 338, 356, 357, 358, 368, 443]	 
Q	 Glutamina	 22	 [21, 25, 61, 81, 151, 167, 169, 181, 244, 261, 288, 301, 312, 315, 326, 353, 359, 362, 388, 414, 431, 436]	 
R	 Arginina	 22	 [30, 55, 74, 79, 90, 102, 103, 110, 165, 187, 206, 239, 256, 269, 279, 313, 325, 343, 385, 387, 400, 419]	 
S	 Serina	 32	 [16, 18, 42, 63, 71, 84, 91, 121, 139, 142, 156, 183, 188, 224, 226, 255, 271, 289, 298, 299, 317, 323, 346, 347, 367, 405, 416, 435, 452, 454, 464, 479]	 
T	 Treonina	 19	 [9, 32, 50, 88, 89, 131, 134, 149, 160, 253, 266, 292, 304, 331, 355, 402, 440, 461, 466]	 
V	 Valina	 32	 [34, 60, 62, 65, 101, 107, 113, 115, 127, 129, 146, 168, 174, 186, 202, 207, 246, 254, 265, 306, 318, 344, 377, 393, 399, 427, 450, 465, 467, 485, 490, 494]	 
W	 Triptofano	 14	 [26, 27, 39, 41, 76, 77, 162, 286, 290, 294, 380, 386, 407, 408]	 
X	 Desconhecido	 0	 []	 
Y	 Tirosina	 16	 [80, 85, 112, 148, 185, 220, 222, 259, 321, 327, 339, 390, 432, 447, 472, 474]	 
Z	 Glutamina ou ácido glutâmico	 0	 []	 
